2 0.3921875 0.20859375 0.2703125 0.35
2 0.12890625 0.259375 0.08125 0.109375
2 0.4359375 0.45859375 0.1 0.0671875
2 0.48671875 0.43515625 0.0890625 0.115625
2 0.65546875 0.196875 0.09375 0.0984375
2 0.92265625 0.1484375 0.078125 0.121875
2 0.31640625 0.6015625 0.115625 0.0890625
2 0.2953125 0.47421875 0.19375 0.21875
0 0.9296875 0.20546875 0.0453125 0.0390625
0 0.8265625 0.56484375 0.0625 0.0953125
0 0.5984375 0.3609375 0.0328125 0.0640625
0 0.86171875 0.3046875 0.0296875 0.0546875
0 0.753125 0.59296875 0.0515625 0.0609375
1 0.771875 0.38515625 0.2625 0.3328125
1 0.228125 0.28203125 0.121875 0.09375
1 0.1609375 0.41796875 0.18125 0.209375
2 0.79921875 0.615625 0.15625 0.1390625
1 0.70390625 0.59296875 0.1203125 0.153125
1 0.9234375 0.3234375 0.153125 0.259375
1 0.51171875 0.29453125 0.065625 0.0671875
1 0.57890625 0.24765625 0.096875 0.0609375