2 0.534375 0.13671875 0.19375 0.2734375
2 0.65 0.1171875 0.1984375 0.2109375
2 0.63203125 0.1859375 0.1484375 0.2203125
2 0.234375 0.11796875 0.0828125 0.1203125
1 0.36796875 0.1390625 0.115625 0.128125
1 0.5796875 0.4125 0.2328125 0.1234375
1 0.4421875 0.53515625 0.1640625 0.1796875
1 0.32265625 0.52421875 0.0609375 0.1109375
1 0.10703125 0.31640625 0.2140625 0.1265625
1 0.0359375 0.10703125 0.071875 0.1140625
1 0.27578125 0.20859375 0.3125 0.2296875
1 0.44375 0.159375 0.05625 0.153125
1 0.44140625 0.39765625 0.1109375 0.0828125
1 0.50625 0.628125 0.065625 0.134375
1 0.584375 0.5390625 0.1953125 0.1984375
1 0.3234375 0.41953125 0.171875 0.1265625
1 0.57734375 0.315625 0.1390625 0.103125
1 0.32890625 0.31875 0.0484375 0.0453125
1 0.39609375 0.31015625 0.0921875 0.071875
1 0.10625 0.15625 0.078125 0.053125