1 0.69765625 0.4734375 0.23125 0.31875
1 0.278125 0.83359375 0.303125 0.221875
1 0.33046875 0.959375 0.1484375 0.08125
1 0.159375 0.8515625 0.253125 0.296875
0 0.64921875 0.20546875 0.115625 0.196875
0 0.5125 0.85546875 0.13125 0.2375
2 0.08515625 0.20390625 0.1703125 0.2921875
2 0.79375 0.11640625 0.1578125 0.2
2 0.41328125 0.91640625 0.2015625 0.1671875
1 0.7640625 0.5890625 0.340625 0.24375
1 0.69296875 0.63046875 0.146875 0.35625
1 0.5234375 0.1953125 0.171875 0.2796875
1 0.359375 0.08828125 0.1546875 0.1609375
2 0.6515625 0.03671875 0.246875 0.0734375
2 0.59296875 0.63515625 0.1125 0.1765625
1 0.13515625 0.475 0.2703125 0.340625
1 0.1890625 0.68046875 0.2484375 0.21875
1 0.4171875 0.78515625 0.10625 0.171875
1 0.859375 0.7375 0.16875 0.2546875
1 0.3046875 0.30703125 0.221875 0.334375
1 0.0703125 0.40625 0.1078125 0.3171875