1 0.41328125 0.36171875 0.0875 0.15625
1 0.30859375 0.5109375 0.1421875 0.1421875
1 0.275 0.60078125 0.0984375 0.09375
1 0.10859375 0.51328125 0.08125 0.1265625
1 0.8515625 0.13671875 0.1546875 0.0875
1 0.7296875 0.18984375 0.1390625 0.171875
2 0.478125 0.36875 0.0828125 0.1125
2 0.034375 0.396875 0.06875 0.134375
2 0.3015625 0.37421875 0.0921875 0.1296875
2 0.8625 0.21640625 0.1 0.115625
2 0.7296875 0.321875 0.084375 0.10625
1 0.4234375 0.51015625 0.1 0.1921875
1 0.92265625 0.28515625 0.08125 0.134375
1 0.721875 0.32109375 0.55625 0.4453125
1 0.2234375 0.3484375 0.446875 0.471875