1 0.69609375 0.25390625 0.2046875 0.0921875
1 0.440625 0.22265625 0.1890625 0.0890625
1 0.40234375 0.43828125 0.19375 0.090625
1 0.671875 0.56796875 0.309375 0.1375
1 0.16015625 0.4546875 0.31875 0.1421875
1 0.13515625 0.359375 0.2515625 0.121875
1 0.92109375 0.33203125 0.1359375 0.0859375
1 0.9484375 0.19453125 0.103125 0.1046875
1 0.81484375 0.40703125 0.3703125 0.1671875
1 0.09375 0.17890625 0.1234375 0.0875
2 0.659375 0.1921875 0.3234375 0.153125
2 0.29375 0.14453125 0.203125 0.1296875
2 0.4515625 0.14375 0.1984375 0.1046875
1 0.5546875 0.3203125 0.40625 0.1671875