2 0.24921875 0.19375 0.1703125 0.1671875
2 0.4203125 0.24921875 0.1484375 0.1359375
2 0.290625 0.31015625 0.053125 0.05625
2 0.32109375 0.31796875 0.065625 0.0640625
2 0.04765625 0.5328125 0.075 0.09375
2 0.44765625 0.73515625 0.1234375 0.0953125
2 0.546875 0.68125 0.1 0.0859375
2 0.76953125 0.7078125 0.05625 0.0671875
2 0.88203125 0.76640625 0.0609375 0.059375
2 0.1203125 0.56875 0.0859375 0.1015625
2 0.61328125 0.5109375 0.08125 0.071875
2 0.66875 0.52265625 0.11875 0.0703125
2 0.53203125 0.5125 0.0375 0.034375
2 0.54375 0.30234375 0.0640625 0.0796875
2 0.103125 0.2171875 0.1203125 0.1015625
2 0.1359375 0.08359375 0.1015625 0.1109375
2 0.35 0.503125 0.05625 0.0359375
2 0.3609375 0.55 0.065625 0.059375
2 0.91484375 0.8578125 0.05 0.0640625
1 0.72265625 0.8265625 0.0625 0.046875
1 0.20859375 0.221875 0.2328125 0.221875
1 0.109375 0.3703125 0.190625 0.10625
1 0.40078125 0.525 0.2125 0.1796875
1 0.85078125 0.85078125 0.1734375 0.090625
1 0.30078125 0.60703125 0.6015625 0.3140625
1 0.64140625 0.7828125 0.159375 0.103125
0 0.3296875 0.41796875 0.05 0.046875