1 0.259375 0.67890625 0.1265625 0.128125
1 0.4703125 0.21796875 0.1203125 0.1640625
1 0.5328125 0.471875 0.2453125 0.2671875
1 0.27109375 0.39765625 0.140625 0.1265625
2 0.30859375 0.24453125 0.0921875 0.1890625
2 0.06484375 0.29296875 0.125 0.26875
2 0.09453125 0.13671875 0.1703125 0.221875
2 0.28203125 0.11328125 0.1984375 0.2265625
2 0.1109375 0.69609375 0.1328125 0.2140625
2 0.23359375 0.80078125 0.1328125 0.121875
1 0.546875 0.74140625 0.3390625 0.25
1 0.7125 0.57265625 0.10625 0.159375
1 0.68984375 0.4140625 0.125 0.16875