2 0.35234375 0.7734375 0.228125 0.321875
2 0.09921875 0.68671875 0.0671875 0.1015625
2 0.43046875 0.53203125 0.09375 0.05625
2 0.478125 0.5625 0.075 0.10625
2 0.61171875 0.821875 0.08125 0.0875
2 0.86953125 0.90703125 0.0625 0.1140625
2 0.33203125 0.37421875 0.10625 0.075
2 0.29375 0.496875 0.1671875 0.196875
0 0.884375 0.8515625 0.040625 0.034375
0 0.83203125 0.48125 0.05 0.090625
0 0.578125 0.6515625 0.025 0.0625
0 0.83125 0.74375 0.021875 0.053125
0 0.76328125 0.44296875 0.04375 0.05625
1 0.753125 0.6515625 0.221875 0.30625
1 0.20078125 0.678125 0.1125 0.078125
1 0.153125 0.534375 0.15625 0.190625
2 0.8125 0.42734375 0.140625 0.1203125
1 0.71484375 0.4359375 0.103125 0.140625
1 0.9171875 0.73671875 0.165625 0.2390625
1 0.4828125 0.7046875 0.059375 0.059375
1 0.54296875 0.7609375 0.090625 0.05