1 0.83828125 0.8 0.1328125 0.1765625
1 0.76796875 0.68984375 0.08125 0.084375
1 0.7 0.665625 0.078125 0.0671875
1 0.409375 0.76015625 0.1640625 0.1140625
1 0.34609375 0.6953125 0.0953125 0.1140625
1 0.07578125 0.78515625 0.1515625 0.2453125
1 0.06640625 0.88984375 0.1328125 0.0984375
1 0.0921875 0.5 0.090625 0.09375
1 0.1609375 0.4609375 0.178125 0.1359375
1 0.3828125 0.47265625 0.05625 0.0875
1 0.3921875 0.4 0.1921875 0.1421875
1 0.40390625 0.425 0.0921875 0.0890625
1 0.5390625 0.41328125 0.0421875 0.05625
1 0.590625 0.44375 0.040625 0.046875
1 0.6625 0.37578125 0.0515625 0.0609375
1 0.69609375 0.428125 0.0453125 0.0640625
1 0.63671875 0.44453125 0.0515625 0.0875
1 0.6625 0.43984375 0.0390625 0.059375
1 0.75625 0.325 0.0359375 0.034375
1 0.77890625 0.37890625 0.021875 0.0328125
1 0.78671875 0.41484375 0.04375 0.04375
1 0.465625 0.60859375 0.0515625 0.0578125
1 0.675 0.83125 0.0859375 0.11875
1 0.5734375 0.821875 0.08125 0.1140625
1 0.6140625 0.79375 0.09375 0.065625
1 0.44453125 0.8609375 0.1203125 0.1125
1 0.3234375 0.89375 0.0703125 0.084375
1 0.31875 0.82578125 0.053125 0.0671875
1 0.17265625 0.346875 0.025 0.0328125
1 0.240625 0.3390625 0.05 0.04375
1 0.02109375 0.42109375 0.0390625 0.0671875
1 0.38828125 0.55859375 0.0484375 0.0640625
1 0.3453125 0.5734375 0.096875 0.0625
1 0.85625 0.9390625 0.15625 0.1078125
1 0.8640625 0.96875 0.125 0.0625
1 0.50859375 0.49375 0.0296875 0.0359375
1 0.45859375 0.5078125 0.046875 0.053125
1 0.48125 0.46484375 0.0578125 0.065625
1 0.7 0.58984375 0.0921875 0.0796875
1 0.475 0.70078125 0.128125 0.0953125
1 0.7234375 0.74375 0.0640625 0.0671875
1 0.77578125 0.74609375 0.0765625 0.0671875
1 0.134375 0.71328125 0.196875 0.1484375
1 0.26328125 0.8375 0.0859375 0.1046875
1 0.1109375 0.36328125 0.0609375 0.0609375