0 0.7234375 0.10625 0.0984375 0.109375
2 0.25 0.16953125 0.10625 0.1390625
2 0.56171875 0.40234375 0.0984375 0.1
2 0.42890625 0.4734375 0.1125 0.0796875
2 0.9234375 0.46875 0.153125 0.103125
2 0.8828125 0.56796875 0.1109375 0.1
2 0.92109375 0.74609375 0.084375 0.0796875
2 0.88203125 0.56875 0.0890625 0.075
2 0.86953125 0.6234375 0.08125 0.0765625
2 0.94140625 0.559375 0.0671875 0.0515625
2 0.90703125 0.53984375 0.08125 0.0734375
2 0.8375 0.5015625 0.1203125 0.0921875
2 0.91328125 0.7390625 0.0625 0.053125
2 0.734375 0.67265625 0.0453125 0.0453125
2 0.6359375 0.60625 0.040625 0.078125
2 0.42734375 0.52890625 0.0609375 0.0671875
2 0.23984375 0.56015625 0.0390625 0.05
2 0.11953125 0.09296875 0.1 0.13125
2 0.25078125 0.16796875 0.1015625 0.1140625
2 0.32890625 0.12265625 0.2046875 0.184375
2 0.34140625 0.0515625 0.0921875 0.103125
2 0.33046875 0.4109375 0.1171875 0.084375
2 0.421875 0.471875 0.13125 0.1203125
2 0.43515625 0.52421875 0.06875 0.0640625
2 0.63984375 0.60859375 0.0546875 0.1125
2 0.5234375 0.5921875 0.0625 0.08125
2 0.434375 0.53046875 0.0546875 0.0640625
2 0.02421875 0.5125 0.0484375 0.08125
2 0.10546875 0.44453125 0.078125 0.090625
2 0.0640625 0.4171875 0.0890625 0.0953125
2 0.4984375 0.35390625 0.075 0.140625
2 0.9625 0.5 0.075 0.115625
2 0.54140625 0.06796875 0.1578125 0.1359375
2 0.28671875 0.02265625 0.0890625 0.0453125
2 0.83046875 0.421875 0.1125 0.103125
0 0.71328125 0.40625 0.06875 0.0875
2 0.3546875 0.26796875 0.065625 0.1171875
2 0.79453125 0.08828125 0.1109375 0.090625
1 0.85078125 0.7109375 0.05625 0.034375
2 0.71796875 0.58203125 0.0984375 0.1375