1 0.38828125 0.61953125 0.115625 0.1671875
1 0.3140625 0.453125 0.165625 0.165625
1 0.2984375 0.3578125 0.1125 0.109375
1 0.11875 0.41171875 0.103125 0.1375
1 0.77578125 0.9234375 0.165625 0.1140625
1 0.66640625 0.84765625 0.1671875 0.19375
2 0.45390625 0.625 0.1015625 0.125
2 0.034375 0.5109375 0.06875 0.14375
2 0.28125 0.5859375 0.1140625 0.14375
2 0.8015625 0.84765625 0.11875 0.13125
2 0.69140625 0.71875 0.1015625 0.11875
1 0.42734375 0.475 0.134375 0.2046875
1 0.8734375 0.79140625 0.1046875 0.1453125
1 0.684375 0.71796875 0.625 0.5375
1 0.23046875 0.59453125 0.4609375 0.5453125