1 0.56953125 0.07578125 0.18125 0.109375
1 0.42265625 0.66875 0.1890625 0.19375
1 0.79375 0.60625 0.1453125 0.1375
2 0.75390625 0.825 0.4546875 0.35
2 0.38046875 0.82578125 0.209375 0.2078125
2 0.25703125 0.765625 0.178125 0.2921875
2 0.16953125 0.5171875 0.1796875 0.2328125
1 0.11484375 0.925 0.0859375 0.103125
1 0.0109375 0.82265625 0.021875 0.1078125
1 0.03203125 0.90859375 0.0640625 0.0671875
1 0.33671875 0.58203125 0.18125 0.1515625
1 0.11953125 0.72890625 0.2390625 0.2046875
1 0.50234375 0.7921875 0.14375 0.265625
1 0.4140625 0.921875 0.125 0.1390625