2 0.56015625 0.1359375 0.1765625 0.271875
2 0.67578125 0.12890625 0.1859375 0.2
2 0.65390625 0.19609375 0.1359375 0.2125
2 0.26171875 0.1 0.0765625 0.115625
1 0.39375 0.13046875 0.1078125 0.121875
1 0.5859375 0.41796875 0.228125 0.1078125
1 0.43984375 0.53125 0.153125 0.1703125
1 0.32109375 0.51171875 0.0546875 0.109375
1 0.1125 0.28828125 0.225 0.1109375
1 0.04921875 0.0734375 0.0984375 0.10625
1 0.296875 0.19375 0.3015625 0.2109375
1 0.46796875 0.15703125 0.046875 0.1515625
1 0.44921875 0.39375 0.10625 0.0765625
1 0.49765625 0.628125 0.0578125 0.13125
1 0.58125 0.5453125 0.1828125 0.1875
1 0.32890625 0.40703125 0.165625 0.115625
1 0.58984375 0.321875 0.134375 0.09375
1 0.3421875 0.30703125 0.046875 0.0421875
1 0.41015625 0.30390625 0.0875 0.065625
1 0.13125 0.1296875 0.075 0.0484375