1 0.30390625 0.4625 0.24375 0.325
1 0.70390625 0.84453125 0.309375 0.234375
1 0.64296875 0.9625 0.1515625 0.075
1 0.81875 0.85859375 0.26875 0.2828125
0 0.36640625 0.1984375 0.1234375 0.2
0 0.46875 0.8546875 0.140625 0.240625
2 0.91875 0.22734375 0.1625 0.2984375
2 0.2265625 0.1015625 0.165625 0.203125
2 0.56328125 0.91640625 0.2078125 0.1671875
1 0.23203125 0.575 0.3484375 0.2578125
1 0.30078125 0.6203125 0.1640625 0.3578125
1 0.49296875 0.19453125 0.184375 0.284375
1 0.6625 0.09609375 0.159375 0.165625
2 0.3734375 0.0359375 0.25 0.071875
2 0.4 0.63046875 0.1203125 0.1796875
1 0.86171875 0.49453125 0.2765625 0.3515625
1 0.80078125 0.69609375 0.25625 0.228125
1 0.56796875 0.7890625 0.1140625 0.1734375
1 0.12890625 0.71796875 0.1796875 0.2578125
1 0.7046875 0.3171875 0.2359375 0.3390625
1 0.934375 0.42890625 0.1234375 0.315625