1 0.909375 0.2625 0.18125 0.128125
1 0.30390625 0.36015625 0.1375 0.1015625
1 0.13046875 0.17421875 0.2359375 0.1734375
1 0.11796875 0.3015625 0.2203125 0.1125
1 0.54609375 0.3609375 0.1125 0.065625
1 0.6921875 0.4078125 0.0578125 0.0421875
1 0.68828125 0.490625 0.0640625 0.034375
1 0.45 0.60390625 0.0890625 0.0421875
1 0.228125 0.5234375 0.0765625 0.053125
1 0.0875 0.384375 0.16875 0.1140625
1 0.2328125 0.28671875 0.071875 0.0453125
1 0.49921875 0.48359375 0.0609375 0.03125
1 0.41015625 0.5546875 0.159375 0.0859375
2 0.65546875 0.57578125 0.1390625 0.0828125
2 0.78125 0.3171875 0.0734375 0.1078125
2 0.89375 0.546875 0.0421875 0.04375
2 0.478125 0.634375 0.0578125 0.0421875
2 0.31953125 0.48359375 0.084375 0.0296875
1 0.5609375 0.65703125 0.0875 0.0453125
0 0.265625 0.584375 0.0296875 0.0453125
0 0.45703125 0.49375 0.05 0.05
0 0.38359375 0.47109375 0.0484375 0.0359375
1 0.078125 0.61015625 0.0515625 0.0421875
1 0.25859375 0.62890625 0.0609375 0.0203125
1 0.31953125 0.6890625 0.0546875 0.0421875
1 0.390625 0.64921875 0.071875 0.0421875
1 0.43359375 0.40234375 0.1171875 0.090625
1 0.31875 0.53046875 0.04375 0.0734375
1 0.8703125 0.16875 0.0796875 0.0484375