2 0.63671875 0.846875 0.203125 0.29375
2 0.74921875 0.8265625 0.203125 0.215625
2 0.71328125 0.76484375 0.15625 0.2234375
2 0.35 0.93984375 0.0875 0.1203125
1 0.47265625 0.8828125 0.11875 0.13125
1 0.60078125 0.5625 0.2359375 0.13125
1 0.434375 0.48203125 0.16875 0.184375
1 0.32265625 0.52578125 0.0640625 0.1125
1 0.1578125 0.7890625 0.246875 0.134375
1 0.13515625 0.97734375 0.1328125 0.0453125
1 0.36484375 0.84140625 0.31875 0.2390625
1 0.53984375 0.8421875 0.0625 0.153125
1 0.471875 0.6140625 0.1125 0.0859375
1 0.4703125 0.375 0.0703125 0.1359375
1 0.5703125 0.4390625 0.2 0.203125
1 0.35234375 0.6265625 0.175 0.13125
1 0.625 0.65546875 0.1421875 0.10625
1 0.3859375 0.72109375 0.05 0.046875
1 0.45234375 0.7109375 0.09375 0.075
1 0.215625 0.9390625 0.078125 0.0546875