1 0.4828125 0.0703125 0.1796875 0.10625
1 0.55625 0.6765625 0.1859375 0.190625
1 0.1953125 0.56953125 0.1421875 0.134375
2 0.21484375 0.8078125 0.4296875 0.375
2 0.57890625 0.83828125 0.20625 0.2046875
2 0.709375 0.79375 0.1734375 0.2890625
2 0.82578125 0.55703125 0.175 0.23125
1 0.8296875 0.95859375 0.084375 0.0828125
1 0.959375 0.88203125 0.046875 0.1078125
1 0.93046875 0.96484375 0.09375 0.0671875
1 0.6515625 0.60078125 0.1796875 0.15
1 0.8609375 0.77578125 0.259375 0.2015625
1 0.4625 0.78984375 0.1390625 0.2640625
1 0.53359375 0.92890625 0.121875 0.1375