1 0.609375 0.3875 0.234375 0.228125
1 0.59765625 0.3125 0.2765625 0.278125
1 0.57109375 0.21953125 0.271875 0.3125
1 0.49453125 0.11796875 0.3046875 0.2359375
1 0.934375 0.2265625 0.13125 0.271875
2 0.49140625 0.5171875 0.184375 0.19375
2 0.73125 0.50625 0.246875 0.1921875
2 0.815625 0.36640625 0.36875 0.3671875
2 0.809375 0.14453125 0.3546875 0.234375
2 0.85 0.196875 0.3 0.296875
1 0.65625 0.56953125 0.2109375 0.1734375
1 0.39375 0.33828125 0.078125 0.0921875
2 0.5328125 0.659375 0.209375 0.1140625
2 0.3546875 0.42421875 0.2125 0.190625
2 0.36328125 0.5578125 0.190625 0.165625
2 0.340625 0.65234375 0.103125 0.071875