2 0.34453125 0.16640625 0.0890625 0.203125
2 0.26640625 0.11875 0.1328125 0.20625
2 0.90234375 0.19921875 0.1953125 0.2171875
2 0.959375 0.36484375 0.08125 0.0703125
2 0.928125 0.3828125 0.08125 0.1609375
2 0.8140625 0.3578125 0.1453125 0.0796875
2 0.66640625 0.33984375 0.1203125 0.1578125
2 0.7765625 0.303125 0.146875 0.1265625
2 0.72109375 0.24296875 0.1578125 0.090625
2 0.78828125 0.1921875 0.14375 0.115625
2 0.746875 0.128125 0.1328125 0.1328125
2 0.58984375 0.06328125 0.121875 0.1078125
2 0.4 0.10859375 0.06875 0.10625
2 0.10625 0.409375 0.2125 0.25
2 0.01875 0.49140625 0.0375 0.0734375
2 0.35703125 0.44765625 0.125 0.1015625
2 0.50625 0.39921875 0.1125 0.134375
2 0.5671875 0.390625 0.13125 0.146875
2 0.6125 0.3140625 0.146875 0.090625
2 0.7140625 0.4796875 0.0859375 0.15625
2 0.7765625 0.4546875 0.0734375 0.0671875
2 0.821875 0.4078125 0.1140625 0.078125
2 0.3890625 0.35703125 0.103125 0.1703125
2 0.36015625 0.2921875 0.0609375 0.0921875
2 0.2890625 0.2578125 0.05 0.06875
2 0.2828125 0.31484375 0.09375 0.1890625
2 0.2578125 0.47734375 0.078125 0.0765625
2 0.18046875 0.496875 0.0578125 0.075
2 0.35 0.02890625 0.10625 0.0578125
2 0.259375 0.0484375 0.184375 0.096875
2 0.115625 0.03984375 0.071875 0.0796875
2 0.09375 0.18671875 0.121875 0.2453125
2 0.1765625 0.11875 0.128125 0.2375
2 0.20703125 0.33203125 0.1140625 0.125
2 0.20859375 0.40546875 0.0765625 0.078125
2 0.59296875 0.496875 0.10625 0.0796875
2 0.5421875 0.23125 0.1328125 0.0859375
2 0.5109375 0.28046875 0.10625 0.0921875
2 0.44296875 0.315625 0.1296875 0.140625
2 0.38515625 0.20078125 0.0921875 0.075
2 0.55234375 0.18203125 0.1625 0.1296875
2 0.4546875 0.1578125 0.15 0.1125
2 0.65234375 0.46484375 0.1 0.0578125
2 0.64921875 0.26484375 0.1328125 0.1
2 0.22265625 0.18125 0.053125 0.078125
1 0.6703125 0.05546875 0.096875 0.0765625
1 0.4546875 0.0328125 0.159375 0.065625
1 0.43671875 0.06875 0.2234375 0.1375
1 0.884375 0.4375 0.0765625 0.078125
1 0.3578125 0.49921875 0.0671875 0.0671875
1 0.3078125 0.4921875 0.0515625 0.0546875
1 0.6078125 0.5796875 0.05 0.05
1 0.54609375 0.559375 0.0375 0.0390625
1 0.0640625 0.55 0.128125 0.18125