0 0.10390625 0.83203125 0.14375 0.1234375
0 0.10234375 0.60234375 0.059375 0.0984375
0 0.65234375 0.73203125 0.05625 0.1046875
0 0.5234375 0.69921875 0.059375 0.065625
0 0.87734375 0.86484375 0.075 0.1171875
0 0.875 0.65390625 0.046875 0.05
0 0.4328125 0.671875 0.0703125 0.0765625
0 0.29921875 0.678125 0.1 0.075
0 0.35078125 0.65546875 0.0484375 0.0671875
0 0.228125 0.6671875 0.0625 0.1140625
2 0.26953125 0.85625 0.16875 0.1296875
2 0.0328125 0.43984375 0.065625 0.1328125
2 0.3265625 0.52578125 0.1078125 0.090625
2 0.89765625 0.75625 0.1375 0.140625
0 0.69375 0.528125 0.08125 0.0703125
2 0.3953125 0.55859375 0.1375 0.146875
2 0.0625 0.7453125 0.125 0.2625
1 0.56171875 0.2890625 0.3171875 0.25
1 0.89296875 0.53046875 0.2140625 0.2578125
1 0.6921875 0.9359375 0.196875 0.128125
2 0.55390625 0.7765625 0.184375 0.125