2 0.74609375 0.2265625 0.065625 0.2
2 0.83515625 0.20390625 0.1109375 0.1984375
2 0.17109375 0.09140625 0.2421875 0.1828125
2 0.08984375 0.234375 0.096875 0.059375
2 0.125 0.2625 0.0640625 0.1578125
2 0.24140625 0.271875 0.140625 0.0640625
2 0.3875 0.29765625 0.1046875 0.15
2 0.29296875 0.23125 0.1359375 0.1125
2 0.3640625 0.1890625 0.153125 0.0734375
2 0.3140625 0.12109375 0.134375 0.1015625
2 0.37265625 0.07265625 0.121875 0.121875
2 0.5421875 0.05625 0.1125 0.096875
2 0.71015625 0.1546875 0.0578125 0.1015625
2 0.903125 0.53046875 0.19375 0.2328125
2 0.96953125 0.634375 0.046875 0.0703125
2 0.65234375 0.4921875 0.1171875 0.0890625
2 0.5234375 0.4015625 0.1 0.125
2 0.46796875 0.37578125 0.11875 0.1359375
2 0.446875 0.2890625 0.1421875 0.075
2 0.30078125 0.41796875 0.06875 0.153125
2 0.24921875 0.37578125 0.0671875 0.059375
2 0.21953125 0.31796875 0.109375 0.0671875
2 0.64765625 0.39609375 0.084375 0.1640625
2 0.69453125 0.3421875 0.0515625 0.0875
2 0.77265625 0.33046875 0.0421875 0.065625
2 0.76171875 0.38671875 0.0734375 0.184375
2 0.73828125 0.54921875 0.071875 0.0703125
2 0.80625 0.590625 0.05 0.0703125
2 0.7875 0.06953125 0.096875 0.0984375
2 0.87265625 0.103125 0.1703125 0.15625
2 0.98828125 0.153125 0.0234375 0.11875
2 0.965625 0.31875 0.06875 0.240625
2 0.921875 0.22265625 0.1 0.246875
2 0.82890625 0.425 0.103125 0.115625
2 0.80625 0.49453125 0.0703125 0.0703125
2 0.4125 0.46953125 0.1015625 0.06875
2 0.53828125 0.23046875 0.1265625 0.0734375
2 0.55390625 0.28671875 0.0984375 0.0828125
2 0.60859375 0.33984375 0.1171875 0.13125
2 0.696875 0.24765625 0.0875 0.065625
2 0.54296875 0.18046875 0.1515625 0.1140625
2 0.64375 0.1859375 0.1421875 0.0984375
2 0.36484375 0.42265625 0.0953125 0.0484375
2 0.4265625 0.23125 0.125 0.0859375
2 0.85859375 0.2765625 0.0453125 0.075
1 0.4671875 0.02890625 0.090625 0.0578125
1 0.684375 0.04921875 0.1546875 0.0828125
1 0.68671875 0.1015625 0.2140625 0.1265625
1 0.15078125 0.32734375 0.06875 0.071875
1 0.6359375 0.540625 0.0609375 0.0609375
1 0.68671875 0.5484375 0.046875 0.05
1 0.3734375 0.54453125 0.046875 0.0453125
1 0.4390625 0.54296875 0.034375 0.0359375
1 0.91875 0.68125 0.146875 0.16875