1 0.9109375 0.2703125 0.178125 0.13125
1 0.30625 0.35625 0.1390625 0.103125
1 0.13671875 0.1671875 0.2390625 0.178125
1 0.12109375 0.2953125 0.221875 0.115625
1 0.54921875 0.36171875 0.1140625 0.0671875
1 0.69375 0.4109375 0.0578125 0.0421875
1 0.68828125 0.49375 0.065625 0.0359375
1 0.4484375 0.603125 0.0890625 0.04375
1 0.22734375 0.51875 0.0765625 0.0546875
1 0.08984375 0.37734375 0.1703125 0.1171875
1 0.23671875 0.28203125 0.071875 0.046875
1 0.49921875 0.48359375 0.0609375 0.0328125
1 0.409375 0.553125 0.1609375 0.0875
2 0.6546875 0.578125 0.140625 0.0859375
2 0.784375 0.321875 0.075 0.109375
2 0.8921875 0.55390625 0.0421875 0.0453125
2 0.47578125 0.63359375 0.0578125 0.0421875
2 0.31953125 0.48046875 0.0859375 0.03125
1 0.5578125 0.65859375 0.0875 0.046875
0 0.2640625 0.58046875 0.03125 0.046875
0 0.45703125 0.49296875 0.0515625 0.0515625
0 0.38359375 0.46953125 0.0484375 0.0359375
1 0.0765625 0.60234375 0.053125 0.0421875
1 0.25625 0.625 0.0609375 0.021875
1 0.31640625 0.6859375 0.0546875 0.0421875
1 0.38828125 0.646875 0.0734375 0.04375
1 0.4359375 0.4015625 0.11875 0.0921875
1 0.31796875 0.52734375 0.0453125 0.075
1 0.87578125 0.17578125 0.0796875 0.05