2 0.725 0.85859375 0.0765625 0.1734375
2 0.61171875 0.6140625 0.1375 0.1046875
2 0.88828125 0.5421875 0.1171875 0.0734375
2 0.80078125 0.4859375 0.1203125 0.103125
2 0.61484375 0.60546875 0.134375 0.0703125
2 0.46640625 0.6046875 0.109375 0.1234375
1 0.3578125 0.6984375 0.4125 0.1875
0 0.4265625 0.8390625 0.0890625 0.0859375
2 0.46953125 0.78515625 0.115625 0.115625
2 0.53515625 0.70546875 0.1078125 0.1328125
2 0.6578125 0.72421875 0.05 0.1140625
2 0.653125 0.81796875 0.0875 0.1125
0 0.9078125 0.74453125 0.075 0.08125
1 0.3796875 0.61875 0.04375 0.0578125
1 0.76328125 0.68671875 0.1671875 0.171875