2 0.24453125 0.76484375 0.071875 0.2015625
2 0.1546875 0.784375 0.1171875 0.2015625
2 0.8140625 0.9125 0.246875 0.175
2 0.90078125 0.7796875 0.0984375 0.0625
2 0.86640625 0.75078125 0.06875 0.159375
2 0.75 0.73671875 0.1421875 0.06875
2 0.60546875 0.70546875 0.109375 0.153125
2 0.69765625 0.77578125 0.1390625 0.1171875
2 0.625 0.815625 0.1546875 0.078125
2 0.67265625 0.88515625 0.1375 0.10625
2 0.6125 0.93203125 0.125 0.125
2 0.4421875 0.9421875 0.115625 0.1
2 0.278125 0.83828125 0.0609375 0.103125
2 0.0984375 0.4546875 0.196875 0.2375
2 0.03515625 0.34921875 0.0484375 0.071875
2 0.34765625 0.50234375 0.11875 0.0921875
2 0.4734375 0.59765625 0.1046875 0.128125
2 0.528125 0.62578125 0.121875 0.1390625
2 0.5453125 0.7125 0.14375 0.0796875
2 0.69609375 0.58828125 0.0734375 0.1546875
2 0.746875 0.6328125 0.06875 0.0625
2 0.77421875 0.6921875 0.1109375 0.0703125
2 0.3484375 0.5984375 0.090625 0.165625
2 0.30078125 0.65078125 0.0546875 0.0890625
2 0.22109375 0.66015625 0.0453125 0.0671875
2 0.234375 0.6046875 0.0796875 0.1859375
2 0.2640625 0.44296875 0.0734375 0.071875
2 0.196875 0.39921875 0.053125 0.071875
2 0.19765625 0.9203125 0.1 0.1015625
2 0.11328125 0.88359375 0.1734375 0.1625
2 0.0328125 0.66328125 0.065625 0.2421875
2 0.06875 0.7625 0.1078125 0.25
2 0.16875 0.56328125 0.10625 0.11875
2 0.19375 0.49453125 0.071875 0.0734375
2 0.58671875 0.53359375 0.103125 0.071875
2 0.45234375 0.76796875 0.128125 0.0765625
2 0.43828125 0.7109375 0.1015625 0.0859375
2 0.3859375 0.65625 0.1203125 0.134375
2 0.29453125 0.7453125 0.0890625 0.06875
2 0.44609375 0.81796875 0.1546875 0.11875
2 0.3453125 0.80859375 0.14375 0.103125
2 0.63203125 0.58203125 0.096875 0.0515625
2 0.5640625 0.77109375 0.128125 0.090625
2 0.134375 0.7109375 0.046875 0.0765625
1 0.51640625 0.9703125 0.0921875 0.059375
1 0.3 0.94375 0.15625 0.0875
1 0.29921875 0.89140625 0.2171875 0.1328125
1 0.84296875 0.684375 0.0703125 0.075
1 0.365625 0.4546875 0.0640625 0.0625
1 0.315625 0.4453125 0.0484375 0.0515625
1 0.62734375 0.46015625 0.0484375 0.046875
1 0.5625 0.45859375 0.034375 0.0375
1 0.08828125 0.3046875 0.1515625 0.171875