1 0.615625 0.2078125 0.20625 0.1015625
1 0.36171875 0.25234375 0.1921875 0.0984375
1 0.38828125 0.46953125 0.196875 0.1
1 0.684375 0.51484375 0.3125 0.153125
1 0.16171875 0.55546875 0.321875 0.1578125
1 0.11875 0.471875 0.2375 0.134375
1 0.85390625 0.21640625 0.1390625 0.0921875
1 0.86171875 0.0703125 0.153125 0.1125
1 0.78359375 0.31640625 0.3921875 0.1859375
1 0.040625 0.31171875 0.08125 0.0921875
2 0.56171875 0.159375 0.3265625 0.16875
2 0.19921875 0.2203125 0.2078125 0.1390625
2 0.35 0.1734375 0.2015625 0.1140625
1 0.49921875 0.31171875 0.409375 0.1875