2 0.8953125 0.41875 0.1109375 0.1546875
2 0.63984375 0.46640625 0.1640625 0.153125
2 0.69375 0.2828125 0.0859375 0.1625
2 0.6171875 0.3046875 0.1546875 0.1578125
2 0.27421875 0.896875 0.1703125 0.1359375
2 0.45 0.925 0.121875 0.1453125
2 0.2953125 0.953125 0.1328125 0.0703125
2 0.1515625 0.9515625 0.1078125 0.0578125
2 0.1328125 0.90390625 0.1484375 0.103125
2 0.23984375 0.60390625 0.034375 0.075
2 0.08359375 0.11328125 0.046875 0.109375
2 0.16875 0.06953125 0.1203125 0.121875
2 0.0265625 0.5625 0.053125 0.103125
2 0.1125 0.64140625 0.1078125 0.146875
2 0.21328125 0.58203125 0.0375 0.0796875
2 0.04921875 0.86484375 0.075 0.0671875
2 0.04375 0.9203125 0.0625 0.0828125
2 0.1875 0.78125 0.0515625 0.0390625
2 0.09296875 0.78828125 0.09375 0.0765625
0 0.13515625 0.76875 0.0640625 0.05
1 0.74921875 0.6640625 0.5015625 0.671875
1 0.4609375 0.65859375 0.078125 0.1046875
1 0.4609375 0.83203125 0.1390625 0.1578125
1 0.54296875 0.9140625 0.0890625 0.1421875
0 0.396875 0.81171875 0.059375 0.1125
1 0.3609375 0.7015625 0.1484375 0.16875