1 0.7953125 0.503125 0.078125 0.140625
1 0.7453125 0.628125 0.090625 0.084375
1 0.5546875 0.61796875 0.065625 0.121875
1 0.52890625 0.5296875 0.084375 0.0765625
1 0.2828125 0.753125 0.2515625 0.278125
1 0.221875 0.9625 0.121875 0.075
1 0.3765625 0.928125 0.190625 0.14375
1 0.44609375 0.86953125 0.1 0.0875
1 0.7859375 0.78671875 0.159375 0.175
2 0.85390625 0.4875 0.0765625 0.1046875
2 0.60703125 0.61640625 0.071875 0.053125
1 0.63046875 0.8890625 0.14375 0.1453125
1 0.58984375 0.759375 0.2328125 0.209375