1 0.0828125 0.6734375 0.13125 0.175
1 0.18515625 0.5921875 0.0796875 0.084375
1 0.25703125 0.59140625 0.0765625 0.065625
1 0.50078125 0.775 0.1640625 0.1109375
1 0.58203125 0.734375 0.09375 0.1140625
1 0.83515625 0.89765625 0.2046875 0.2046875
1 0.78984375 0.98203125 0.1484375 0.0359375
1 0.88515625 0.6328125 0.0890625 0.0921875
1 0.83359375 0.5734375 0.1765625 0.1328125
1 0.61953125 0.5125 0.0546875 0.0875
1 0.634375 0.440625 0.1921875 0.140625
1 0.615625 0.46015625 0.090625 0.0875
1 0.49140625 0.40546875 0.0421875 0.05625
1 0.43203125 0.4171875 0.0390625 0.046875
1 0.38671875 0.3296875 0.05 0.0609375
1 0.33828125 0.36875 0.0453125 0.0640625
1 0.3890625 0.403125 0.05 0.0875
1 0.36640625 0.38984375 0.0375 0.059375
1 0.31484375 0.25078125 0.0359375 0.034375
1 0.27578125 0.29453125 0.021875 0.03125
1 0.25625 0.32578125 0.04375 0.04375
1 0.496875 0.61328125 0.05 0.0578125
1 0.2265625 0.75625 0.084375 0.1171875
1 0.32578125 0.78046875 0.0796875 0.1125
1 0.296875 0.740625 0.0921875 0.0640625
1 0.43515625 0.859375 0.11875 0.1109375
1 0.53828125 0.93046875 0.0703125 0.084375
1 0.565625 0.8671875 0.0515625 0.0671875
1 0.859375 0.46171875 0.025 0.0328125
1 0.79765625 0.4328125 0.0484375 0.04375
1 0.978125 0.58125 0.0390625 0.065625
1 0.58671875 0.5921875 0.046875 0.0625
1 0.62265625 0.61953125 0.096875 0.0609375
1 0.04921875 0.7984375 0.0984375 0.10625
1 0.1515625 0.928125 0.078125 0.0546875
1 0.03046875 0.8375 0.0609375 0.084375
1 0.49453125 0.49140625 0.0296875 0.0359375
1 0.5359375 0.52109375 0.046875 0.053125
1 0.52890625 0.47265625 0.05625 0.0640625
1 0.28203125 0.5203125 0.090625 0.078125
1 0.45859375 0.6984375 0.1265625 0.09375
1 0.209375 0.6578125 0.0625 0.065625
1 0.159375 0.64296875 0.075 0.065625
1 0.77578125 0.8203125 0.1953125 0.1453125
1 0.61328125 0.89609375 0.084375 0.1046875
1 0.9125 0.49765625 0.059375 0.0609375