2 0.64453125 0.6046875 0.0921875 0.0875
2 0.84296875 0.80625 0.1078125 0.0921875
2 0.64765625 0.728125 0.14375 0.11875
2 0.07421875 0.65546875 0.0609375 0.0640625
1 0.56328125 0.9046875 0.296875 0.1609375
1 0.21015625 0.8421875 0.2203125 0.25
1 0.0453125 0.8203125 0.090625 0.1125
1 0.4140625 0.68984375 0.1421875 0.121875
1 0.51640625 0.75234375 0.134375 0.1328125
1 0.684375 0.56015625 0.084375 0.0703125
2 0.24453125 0.52265625 0.0375 0.0421875
1 0.81953125 0.91484375 0.2453125 0.1703125
1 0.93125 0.575 0.1375 0.246875
1 0.09765625 0.4828125 0.1953125 0.153125
1 0.22421875 0.63828125 0.23125 0.165625
1 0.32578125 0.903125 0.4265625 0.19375
1 0.46484375 0.5609375 0.24375 0.178125