1 0.45703125 0.928125 0.190625 0.1296875
1 0.46875 0.3171875 0.2078125 0.2109375
1 0.81171875 0.4734375 0.1578125 0.1515625
2 0.79453125 0.23515625 0.4109375 0.4296875
2 0.46875 0.15390625 0.2296875 0.228125
2 0.33359375 0.18046875 0.209375 0.30625
2 0.18515625 0.3984375 0.203125 0.25
1 0.2375 0.02265625 0.096875 0.0453125
1 0.0984375 0.05703125 0.0609375 0.1109375
1 0.13828125 0.009375 0.1015625 0.01875
1 0.36328125 0.37890625 0.1953125 0.1703125
1 0.18046875 0.1765625 0.28125 0.2328125
1 0.578125 0.21796875 0.1734375 0.2765625
1 0.52578125 0.07265625 0.1390625 0.1453125