2 0.14296875 0.671875 0.171875 0.1703125
2 0.32109375 0.69375 0.1484375 0.1375
2 0.2296875 0.58359375 0.053125 0.05625
2 0.2609375 0.5890625 0.0671875 0.065625
2 0.10390625 0.27890625 0.0765625 0.0953125
2 0.5515625 0.26484375 0.125 0.096875
2 0.61875 0.35625 0.1015625 0.0875
2 0.83203125 0.42578125 0.05625 0.0671875
2 0.95859375 0.41953125 0.0625 0.059375
2 0.18515625 0.27734375 0.0875 0.103125
2 0.6078125 0.5375 0.0828125 0.0734375
2 0.6625 0.55 0.11875 0.0734375
2 0.53359375 0.50234375 0.0390625 0.034375
2 0.45625 0.69765625 0.0640625 0.0796875
2 0.040625 0.58828125 0.08125 0.1015625
2 0.021875 0.72265625 0.04375 0.1109375
2 0.365625 0.43359375 0.05625 0.0375
2 0.3953125 0.3953125 0.065625 0.0609375
1 0.83984375 0.29765625 0.0640625 0.0484375
1 0.11796875 0.62890625 0.234375 0.225
1 0.09296875 0.4515625 0.1859375 0.109375
1 0.4203125 0.43515625 0.2140625 0.1828125
1 0.93984375 0.33046875 0.1203125 0.0921875
1 0.36328125 0.31796875 0.60625 0.3234375
1 0.74765625 0.303125 0.159375 0.10625
0 0.3109375 0.50234375 0.05 0.0484375