0 0.290625 0.90078125 0.0953125 0.1078125
2 0.76171875 0.82109375 0.103125 0.1359375
2 0.4421875 0.6 0.0953125 0.0984375
2 0.571875 0.5234375 0.1109375 0.0765625
2 0.0765625 0.54453125 0.153125 0.0984375
2 0.115625 0.4453125 0.109375 0.096875
2 0.0703125 0.26875 0.0828125 0.0765625
2 0.115625 0.44453125 0.0875 0.0734375
2 0.1265625 0.38984375 0.0796875 0.075
2 0.05703125 0.45625 0.065625 0.05
2 0.0921875 0.47421875 0.0796875 0.071875
2 0.1625 0.51015625 0.11875 0.0890625
2 0.07890625 0.27578125 0.0625 0.0515625
2 0.26015625 0.33515625 0.04375 0.0453125
2 0.3609375 0.3984375 0.0390625 0.0765625
2 0.57109375 0.46875 0.059375 0.065625
2 0.7578125 0.43046875 0.0375 0.0484375
2 0.89453125 0.89296875 0.096875 0.1296875
2 0.76015625 0.82265625 0.0984375 0.1125
2 0.684375 0.87109375 0.2015625 0.1796875
2 0.675 0.9453125 0.0875 0.109375
2 0.67265625 0.5828125 0.115625 0.08125
2 0.57890625 0.525 0.128125 0.1171875
2 0.5640625 0.4734375 0.0671875 0.0625
2 0.35625 0.39609375 0.0515625 0.1125
2 0.4734375 0.40859375 0.059375 0.08125
2 0.56484375 0.4671875 0.053125 0.0625
2 0.97578125 0.46953125 0.0484375 0.0796875
2 0.896875 0.54140625 0.0765625 0.0890625
2 0.93828125 0.56796875 0.0875 0.0921875
2 0.50703125 0.6453125 0.0703125 0.1390625
2 0.03671875 0.51484375 0.0734375 0.1140625
2 0.47265625 0.9328125 0.1546875 0.134375
2 0.72890625 0.9734375 0.0859375 0.053125
2 0.17265625 0.58984375 0.1109375 0.1
0 0.28984375 0.60078125 0.0671875 0.0859375
2 0.65390625 0.72734375 0.0625 0.115625
2 0.2203125 0.921875 0.109375 0.0875
1 0.1421875 0.3015625 0.05625 0.0328125
2 0.27890625 0.425 0.0953125 0.1359375