2 0.17421875 0.72578125 0.1546875 0.15
2 0.35390625 0.71953125 0.134375 0.1203125
2 0.24609375 0.625 0.046875 0.05
2 0.278125 0.62578125 0.059375 0.0578125
2 0.07421875 0.34296875 0.065625 0.0875
2 0.5140625 0.26015625 0.115625 0.08125
2 0.5953125 0.3390625 0.0921875 0.075
2 0.81640625 0.375 0.0484375 0.0609375
2 0.940625 0.34921875 0.05625 0.053125
2 0.15390625 0.3296875 0.075 0.09375
2 0.6125 0.5203125 0.075 0.0640625
2 0.66796875 0.52421875 0.1140625 0.05625
2 0.53359375 0.496875 0.034375 0.0296875
2 0.4875 0.70234375 0.0546875 0.0734375
2 0.04765625 0.6609375 0.0953125 0.0875
2 0.03984375 0.79921875 0.0796875 0.1015625
2 0.35703125 0.45546875 0.053125 0.0296875
2 0.3796875 0.41328125 0.059375 0.053125
2 0.98828125 0.2703125 0.0234375 0.059375
1 0.8046875 0.246875 0.059375 0.0390625
1 0.14296875 0.6875 0.2109375 0.1984375
1 0.08984375 0.51640625 0.1796875 0.0828125
1 0.4109375 0.4484375 0.1953125 0.1578125
1 0.925 0.259375 0.15 0.06875
1 0.33671875 0.34140625 0.5890625 0.2375
1 0.71328125 0.26640625 0.1515625 0.084375
0 0.3140625 0.53125 0.0453125 0.0421875