2 0.30078125 0.1265625 0.0875 0.178125
2 0.396875 0.378125 0.14375 0.1140625
2 0.115625 0.43046875 0.1203125 0.08125
2 0.19921875 0.49296875 0.1265625 0.109375
2 0.3921875 0.38671875 0.1390625 0.0796875
2 0.540625 0.3984375 0.1171875 0.1296875
1 0.65546875 0.3125 0.421875 0.2140625
0 0.596875 0.1671875 0.0953125 0.0921875
2 0.55 0.21796875 0.1234375 0.1234375
2 0.4796875 0.29296875 0.115625 0.1390625
2 0.3578125 0.26484375 0.05625 0.1171875
2 0.36953125 0.171875 0.0953125 0.11875
0 0.11015625 0.22734375 0.0796875 0.0859375
1 0.62890625 0.38984375 0.046875 0.0609375
1 0.25078125 0.2953125 0.178125 0.1828125