2 0.3265625 0.51171875 0.13125 0.18125
2 0.4046875 0.30546875 0.2328125 0.2296875
2 0.7421875 0.44140625 0.1546875 0.2421875
2 0.90703125 0.2953125 0.1859375 0.2
2 0.953125 0.50859375 0.09375 0.1328125
2 0.9140625 0.42421875 0.171875 0.1703125
2 0.696875 0.57109375 0.1890625 0.115625
2 0.4609375 0.53046875 0.1515625 0.1265625
2 0.5015625 0.44375 0.2515625 0.10625
0 0.65234375 0.45546875 0.0765625 0.090625
1 0.2078125 0.41171875 0.221875 0.125
1 0.28671875 0.228125 0.134375 0.1578125
1 0.55546875 0.12890625 0.178125 0.1140625
1 0.75546875 0.22421875 0.221875 0.1359375
2 0.93671875 0.1703125 0.1265625 0.1375
1 0.834375 0.609375 0.103125 0.1328125
1 0.94296875 0.57109375 0.078125 0.075
1 0.60703125 0.5203125 0.146875 0.109375