2 0.6734375 0.49140625 0.134375 0.1828125
2 0.5921875 0.69609375 0.2359375 0.234375
2 0.25703125 0.55390625 0.1578125 0.2453125
2 0.0921875 0.696875 0.184375 0.203125
2 0.046875 0.4828125 0.09375 0.134375
2 0.08515625 0.56796875 0.1703125 0.1734375
2 0.30390625 0.42578125 0.190625 0.11875
2 0.5390625 0.4703125 0.153125 0.1296875
2 0.49765625 0.55625 0.2515625 0.109375
0 0.346875 0.54140625 0.078125 0.0921875
1 0.790625 0.59375 0.2234375 0.128125
1 0.70859375 0.77578125 0.1375 0.159375
1 0.4375 0.8703125 0.1796875 0.1171875
1 0.2390625 0.77109375 0.2234375 0.140625
2 0.0609375 0.8203125 0.121875 0.140625
1 0.1671875 0.384375 0.1046875 0.134375
1 0.05859375 0.42109375 0.0796875 0.075
1 0.39375 0.478125 0.1484375 0.1109375