2 0.33359375 0.7625 0.2484375 0.3359375
2 0.0875 0.65859375 0.0734375 0.10625
2 0.428125 0.52734375 0.096875 0.0625
2 0.4734375 0.5609375 0.0828125 0.1109375
2 0.5890625 0.82890625 0.0875 0.09375
2 0.840625 0.93203125 0.0703125 0.11875
2 0.34140625 0.3625 0.1109375 0.0828125
2 0.29453125 0.4828125 0.18125 0.209375
0 0.85859375 0.87734375 0.0421875 0.0359375
0 0.8328125 0.5046875 0.05625 0.09375
0 0.5671875 0.65703125 0.028125 0.0625
0 0.81328125 0.76640625 0.025 0.053125
0 0.76640625 0.46171875 0.046875 0.0578125
1 0.7421875 0.66875 0.2421875 0.3203125
1 0.1890625 0.65703125 0.1171875 0.0859375
1 0.1515625 0.51015625 0.16875 0.2
2 0.8171875 0.44921875 0.15 0.1296875
1 0.71875 0.45078125 0.1125 0.146875
1 0.9 0.765625 0.18125 0.25
1 0.46875 0.703125 0.0625 0.0640625
1 0.525 0.76328125 0.0953125 0.05625