1 0.440625 0.3546875 0.21875 0.2125
1 0.4796875 0.28984375 0.2578125 0.259375
1 0.5390625 0.21328125 0.25 0.2953125
1 0.65546875 0.12890625 0.2875 0.2546875
1 0.14921875 0.09609375 0.2171875 0.1921875
2 0.5015625 0.51875 0.1703125 0.18125
2 0.28359375 0.41875 0.2359375 0.1734375
2 0.22421875 0.24453125 0.41875 0.3328125
2 0.3453125 0.078125 0.34375 0.15625
2 0.278125 0.11015625 0.303125 0.2203125
1 0.32890625 0.50625 0.2 0.1578125
1 0.659375 0.38984375 0.071875 0.0875
2 0.41015625 0.6359375 0.20625 0.0953125
2 0.66328125 0.484375 0.2015625 0.175
2 0.60546875 0.6046875 0.1796875 0.1515625
2 0.590625 0.7015625 0.1 0.0640625