1 0.78125 0.41015625 0.0484375 0.1359375
1 0.696875 0.30546875 0.078125 0.06875
1 0.51796875 0.37109375 0.040625 0.11875
1 0.51875 0.46328125 0.0734375 0.0625
1 0.21875 0.32109375 0.20625 0.240625
1 0.08515625 0.09140625 0.0890625 0.1578125
1 0.24765625 0.09609375 0.15625 0.1796875
1 0.340625 0.1625 0.0875 0.0703125
1 0.68984375 0.1421875 0.1296875 0.1515625
2 0.8421875 0.40859375 0.0578125 0.0953125
2 0.56875 0.3578125 0.065625 0.040625
1 0.5109375 0.08984375 0.1203125 0.1234375
1 0.51015625 0.22578125 0.203125 0.1703125