2 0.66171875 0.575 0.0859375 0.08125
2 0.89453125 0.73515625 0.103125 0.084375
2 0.68828125 0.69609375 0.1359375 0.109375
2 0.11171875 0.73359375 0.05625 0.0609375
1 0.6390625 0.88515625 0.2875 0.1375
1 0.28046875 0.8859375 0.2015625 0.228125
1 0.08828125 0.90703125 0.1390625 0.1015625
1 0.45234375 0.703125 0.1328125 0.1125
1 0.56484375 0.74453125 0.125 0.1234375
1 0.6921875 0.5234375 0.0796875 0.065625
2 0.253125 0.57109375 0.034375 0.040625
1 0.890625 0.86953125 0.21875 0.1984375
1 0.9390625 0.48984375 0.121875 0.2390625
1 0.096875 0.5609375 0.19375 0.1375
1 0.25546875 0.68828125 0.221875 0.1484375
1 0.4078125 0.92421875 0.41875 0.1515625
1 0.4765625 0.5671875 0.2328125 0.159375