0 0.203125 0.9234375 0.13125 0.10625
0 0.1421875 0.7015625 0.0453125 0.09375
0 0.7078125 0.684375 0.0421875 0.1
0 0.57421875 0.6859375 0.0515625 0.059375
0 0.95859375 0.7546875 0.059375 0.1109375
0 0.9015625 0.5515625 0.040625 0.04375
0 0.4796875 0.68359375 0.0609375 0.06875
0 0.35234375 0.7234375 0.0921875 0.0625
0 0.3953125 0.68828125 0.0390625 0.0625
0 0.28046875 0.73203125 0.046875 0.109375
2 0.36953125 0.903125 0.15625 0.1078125
2 0.028125 0.5640625 0.05625 0.128125
2 0.3390625 0.56953125 0.0984375 0.0765625
2 0.94453125 0.64375 0.1109375 0.125
0 0.69453125 0.47734375 0.0734375 0.059375
2 0.41328125 0.58359375 0.1203125 0.1328125
2 0.1015625 0.8609375 0.175 0.2421875
0 0.0421875 0.85703125 0.0515625 0.0546875
1 0.5046875 0.2796875 0.2921875 0.209375
1 0.89765625 0.4234375 0.2046875 0.23125
1 0.8015625 0.88203125 0.1828125 0.125
2 0.6234375 0.753125 0.1734375 0.1015625