1 0.2421875 0.653125 0.1375 0.1390625
1 0.49921875 0.21640625 0.1359375 0.1734375
1 0.5359375 0.47578125 0.2703125 0.2890625
1 0.28359375 0.37421875 0.1515625 0.1390625
2 0.33671875 0.22578125 0.1109375 0.1953125
2 0.0890625 0.24921875 0.1515625 0.2796875
2 0.13359375 0.10703125 0.1921875 0.2140625
2 0.32421875 0.10703125 0.2203125 0.2140625
2 0.0921875 0.65390625 0.153125 0.225
2 0.20390625 0.771875 0.14375 0.134375
1 0.521875 0.7453125 0.3609375 0.2828125
1 0.70390625 0.59375 0.121875 0.16875
1 0.69765625 0.434375 0.140625 0.1796875