2 0.3296875 0.4453125 0.0953125 0.0890625
2 0.0796875 0.31484375 0.1109375 0.0953125
2 0.2890625 0.32890625 0.146875 0.1234375
2 0.85703125 0.2203125 0.0625 0.065625
1 0.31484375 0.134375 0.2984375 0.1703125
1 0.66953125 0.10625 0.2265625 0.2125
1 0.85859375 0.0515625 0.1484375 0.103125
1 0.52265625 0.29296875 0.14375 0.1265625
1 0.40625 0.26484375 0.1375 0.1359375
1 0.30625 0.5 0.0859375 0.0734375
2 0.7359375 0.4 0.0375 0.04375
1 0.09296875 0.18046875 0.1859375 0.2234375
1 0.06875 0.5625 0.1375 0.25
1 0.8921875 0.38984375 0.2078125 0.159375
1 0.71953125 0.28359375 0.2359375 0.1734375
1 0.53828125 0.0828125 0.4296875 0.165625
1 0.51484375 0.43046875 0.2484375 0.184375