1 0.31796875 0.26171875 0.1484375 0.15
1 0.39375 0.7625 0.15 0.1828125
1 0.52421875 0.5359375 0.2921875 0.309375
1 0.25234375 0.5359375 0.1609375 0.1515625
2 0.24609375 0.69296875 0.128125 0.2015625
2 0.05625 0.57890625 0.1125 0.2859375
2 0.0578125 0.73671875 0.115625 0.2484375
2 0.18359375 0.8171875 0.240625 0.2703125
2 0.1796875 0.2046875 0.171875 0.2328125
2 0.32734375 0.1375 0.153125 0.1453125
1 0.61171875 0.28046875 0.378125 0.3125
1 0.72421875 0.4890625 0.1359375 0.1765625
1 0.65859375 0.634375 0.15625 0.1875