1 0.57734375 0.64453125 0.0875 0.15625
1 0.69140625 0.503125 0.1421875 0.1421875
1 0.73125 0.41484375 0.0984375 0.09375
1 0.89140625 0.51328125 0.08125 0.1265625
1 0.12421875 0.8375 0.1546875 0.0875
1 0.24921875 0.79296875 0.1390625 0.171875
2 0.5125 0.6328125 0.0828125 0.1125
2 0.96015625 0.6359375 0.075 0.134375
2 0.6890625 0.63984375 0.0921875 0.1296875
2 0.11875 0.7578125 0.1 0.115625
2 0.25859375 0.66171875 0.084375 0.10625
1 0.5765625 0.49453125 0.1 0.1921875
1 0.06328125 0.68515625 0.08125 0.134375
1 0.271875 0.66328125 0.54375 0.4453125
1 0.7703125 0.6703125 0.459375 0.471875