0 0.8046875 0.91796875 0.1296875 0.1046875
0 0.86171875 0.6953125 0.04375 0.09375
0 0.2953125 0.68828125 0.040625 0.1
0 0.4296875 0.6875 0.05 0.0578125
0 0.04609375 0.7625 0.05625 0.109375
0 0.09921875 0.55859375 0.040625 0.04375
0 0.5234375 0.6828125 0.059375 0.0671875
0 0.6515625 0.72109375 0.0921875 0.0609375
0 0.6078125 0.68671875 0.0375 0.0625
0 0.7234375 0.728125 0.04375 0.109375
2 0.6375 0.90078125 0.1546875 0.1046875
2 0.971875 0.55546875 0.05625 0.1265625
2 0.66171875 0.56640625 0.096875 0.075
2 0.05625 0.65234375 0.1125 0.1234375
0 0.30546875 0.48046875 0.071875 0.059375
2 0.5875 0.58203125 0.11875 0.1296875
2 0.90390625 0.85390625 0.1703125 0.240625
0 0.9640625 0.84921875 0.05 0.053125
1 0.49140625 0.2796875 0.2890625 0.2046875
1 0.10078125 0.43125 0.2015625 0.228125
1 0.2046875 0.8875 0.18125 0.121875
2 0.38046875 0.75546875 0.171875 0.0984375