1 0.571875 0.63984375 0.2046875 0.196875
1 0.53828125 0.7078125 0.2390625 0.240625
1 0.48671875 0.7890625 0.228125 0.278125
1 0.37734375 0.8828125 0.2703125 0.234375
1 0.88671875 0.890625 0.1984375 0.21875
2 0.496875 0.48125 0.1578125 0.16875
2 0.72265625 0.56171875 0.225 0.1546875
2 0.796875 0.73046875 0.396875 0.303125
2 0.69140625 0.9203125 0.3328125 0.159375
2 0.75625 0.884375 0.284375 0.23125
1 0.6703125 0.47890625 0.190625 0.14375
1 0.35078125 0.6234375 0.065625 0.0828125
2 0.578125 0.35703125 0.203125 0.078125
2 0.3390625 0.5296875 0.1890625 0.159375
2 0.3859375 0.4046875 0.1703125 0.1390625
2 0.3921875 0.30703125 0.0953125 0.05625