1 0.34453125 0.2265625 0.2 0.075
1 0.60234375 0.23515625 0.184375 0.075
1 0.60625 0.4546875 0.1890625 0.075
1 0.31953125 0.540625 0.303125 0.1125
1 0.84296875 0.5078125 0.3109375 0.115625
1 0.8796875 0.41796875 0.240625 0.1015625
1 0.11015625 0.26796875 0.13125 0.075
1 0.08203125 0.125 0.1421875 0.09375
1 0.19375 0.3578125 0.38125 0.1359375
1 0.94609375 0.2453125 0.1078125 0.078125
2 0.39140625 0.17109375 0.315625 0.1265625
2 0.75859375 0.18125 0.1953125 0.1140625
2 0.603125 0.15546875 0.1921875 0.0890625
1 0.47421875 0.3140625 0.3984375 0.134375