1 0.86953125 0.19375 0.2046875 0.140625
1 0.2828125 0.39609375 0.14375 0.109375
1 0.1015625 0.24296875 0.203125 0.1890625
1 0.10078125 0.37109375 0.2015625 0.1265625
1 0.521875 0.3546875 0.115625 0.0734375
1 0.67265625 0.37578125 0.059375 0.0453125
1 0.68359375 0.4578125 0.0671875 0.0390625
1 0.46875 0.6109375 0.090625 0.0484375
1 0.2359375 0.5703125 0.078125 0.0578125
1 0.08046875 0.4578125 0.1609375 0.125
1 0.2 0.3359375 0.0734375 0.05
1 0.49609375 0.48359375 0.0625 0.034375
1 0.42109375 0.56953125 0.1640625 0.0953125
2 0.66640625 0.546875 0.14375 0.0921875
2 0.7453125 0.27109375 0.0796875 0.1125
2 0.8953125 0.478125 0.0453125 0.046875
2 0.5015625 0.6359375 0.059375 0.0453125
2 0.31953125 0.51484375 0.0859375 0.0359375
1 0.58671875 0.64453125 0.0890625 0.05
0 0.28359375 0.62421875 0.0328125 0.046875
0 0.45703125 0.5015625 0.053125 0.053125
0 0.38046875 0.4921875 0.05 0.0375
1 0.10390625 0.68203125 0.0546875 0.0453125
1 0.284375 0.66875 0.0609375 0.025
1 0.35546875 0.71796875 0.05625 0.0453125
1 0.41796875 0.665625 0.075 0.046875
1 0.41796875 0.415625 0.1234375 0.0984375
1 0.3265625 0.56171875 0.0484375 0.0765625
1 0.80703125 0.109375 0.0828125 0.053125