0 0.378125 0.9359375 0.0828125 0.0984375
2 0.82265625 0.76015625 0.0875 0.1265625
2 0.4640625 0.61015625 0.084375 0.0875
2 0.575 0.50859375 0.1046875 0.0640625
2 0.08984375 0.63359375 0.1578125 0.0765625
2 0.1125 0.5265625 0.0984375 0.084375
2 0.034375 0.3625 0.06875 0.06875
2 0.1125 0.52578125 0.08125 0.0625
2 0.11171875 0.46953125 0.071875 0.0671875
2 0.0578125 0.54921875 0.0609375 0.0421875
2 0.0953125 0.559375 0.071875 0.0625
2 0.171875 0.58046875 0.1109375 0.075
2 0.04140625 0.36796875 0.05625 0.0453125
2 0.23125 0.3890625 0.0390625 0.040625
2 0.34296875 0.4296875 0.0296875 0.075
2 0.56328125 0.4546875 0.0515625 0.059375
2 0.73828125 0.378125 0.03125 0.0453125
2 0.96328125 0.80234375 0.0734375 0.1203125
2 0.821875 0.76171875 0.0859375 0.1015625
2 0.7578125 0.825 0.1828125 0.15625
2 0.76796875 0.91953125 0.06875 0.14375
2 0.6859375 0.5453125 0.1078125 0.0671875
2 0.58203125 0.5078125 0.1171875 0.103125
2 0.55703125 0.46015625 0.0609375 0.0546875
2 0.33828125 0.428125 0.0359375 0.109375
2 0.4546875 0.41640625 0.05 0.075
2 0.55625 0.45390625 0.046875 0.0578125
2 0.96328125 0.37109375 0.046875 0.075
2 0.89609375 0.4578125 0.065625 0.08125
2 0.94296875 0.475 0.0765625 0.084375
2 0.53671875 0.640625 0.0515625 0.1359375
2 0.04140625 0.6140625 0.078125 0.1046875
2 0.565625 0.93515625 0.1390625 0.1296875
2 0.82890625 0.94140625 0.0734375 0.0984375
2 0.1984375 0.65625 0.1 0.0890625
0 0.315625 0.6421875 0.05625 0.0796875
2 0.69765625 0.68984375 0.046875 0.1109375
2 0.3140625 0.96640625 0.1 0.0671875
1 0.10859375 0.3796875 0.053125 0.025
2 0.26875 0.47265625 0.078125 0.1265625