1 0.11484375 0.73671875 0.10625 0.159375
1 0.203125 0.640625 0.06875 0.075
1 0.27421875 0.628125 0.06875 0.05625
1 0.54375 0.771875 0.1515625 0.0890625
1 0.61796875 0.71875 0.078125 0.103125
1 0.89609375 0.86015625 0.171875 0.21875
1 0.8671875 0.96171875 0.1375 0.075
1 0.9015625 0.57109375 0.078125 0.08125
1 0.840625 0.5203125 0.1625 0.109375
1 0.6203125 0.49375 0.04375 0.08125
1 0.6234375 0.4203125 0.175 0.1140625
1 0.6078125 0.44296875 0.0796875 0.075
1 0.4765625 0.4078125 0.034375 0.0515625
1 0.4203125 0.42890625 0.034375 0.040625
1 0.36171875 0.34921875 0.0421875 0.0546875
1 0.31953125 0.3953125 0.0359375 0.059375
1 0.375 0.421875 0.0375 0.0828125
1 0.35078125 0.4125 0.0296875 0.0546875
1 0.278125 0.2828125 0.03125 0.0296875
1 0.24609375 0.33203125 0.0171875 0.0296875
1 0.23203125 0.36640625 0.0375 0.0375
1 0.51484375 0.6125 0.04375 0.0515625
1 0.2703125 0.79609375 0.06875 0.1078125
1 0.371875 0.80390625 0.065625 0.103125
1 0.33671875 0.76953125 0.0859375 0.0515625
1 0.4921875 0.86484375 0.10625 0.096875
1 0.60546875 0.91875 0.059375 0.075
1 0.621875 0.85234375 0.04375 0.0609375
1 0.84921875 0.40625 0.0203125 0.0296875
1 0.78359375 0.38671875 0.04375 0.0375
1 0.98515625 0.50546875 0.028125 0.0625
1 0.6 0.57734375 0.0390625 0.0578125
1 0.63984375 0.59921875 0.090625 0.046875
1 0.07265625 0.8703125 0.14375 0.084375
1 0.22265625 0.97734375 0.071875 0.04375
1 0.0578125 0.91171875 0.115625 0.06875
1 0.49296875 0.4921875 0.025 0.0328125
1 0.5390625 0.51484375 0.040625 0.046875
1 0.52421875 0.46875 0.0484375 0.0578125
1 0.2875 0.55390625 0.08125 0.065625
1 0.48984375 0.70234375 0.115625 0.075
1 0.2375 0.7015625 0.0546875 0.0578125
1 0.1859375 0.69453125 0.0671875 0.05625
1 0.82265625 0.7734375 0.178125 0.11875
1 0.67421875 0.8734375 0.0703125 0.09375
1 0.90703125 0.4328125 0.053125 0.053125