1 0.303125 0.53046875 0.234375 0.3203125
1 0.71640625 0.1625 0.3046875 0.2265625
1 0.66015625 0.0390625 0.1484375 0.078125
1 0.83203125 0.1453125 0.2578125 0.290625
0 0.35546875 0.796875 0.11875 0.1984375
0 0.48125 0.14453125 0.134375 0.2390625
2 0.91640625 0.7875 0.1671875 0.29375
2 0.21328125 0.88828125 0.1609375 0.2015625
2 0.578125 0.08359375 0.203125 0.1671875
1 0.234375 0.415625 0.34375 0.2484375
1 0.3046875 0.3734375 0.1515625 0.3578125
1 0.48203125 0.80546875 0.1765625 0.28125
1 0.64765625 0.90859375 0.15625 0.1625
2 0.35546875 0.96328125 0.2484375 0.0734375
2 0.4046875 0.36640625 0.115625 0.178125
1 0.8640625 0.51796875 0.271875 0.3453125
1 0.8078125 0.3140625 0.2515625 0.221875
1 0.578125 0.21328125 0.109375 0.171875
1 0.13671875 0.26875 0.171875 0.25625
1 0.6984375 0.68984375 0.2265625 0.3359375
1 0.93125 0.58671875 0.1125 0.3171875