2 0.32890625 0.4703125 0.125 0.178125
2 0.38515625 0.68359375 0.225 0.2234375
2 0.734375 0.58359375 0.146875 0.2375
2 0.89375 0.746875 0.2015625 0.19375
2 0.95390625 0.53828125 0.0921875 0.1296875
2 0.91015625 0.61875 0.1765625 0.165625
2 0.703125 0.45 0.1859375 0.1109375
2 0.4640625 0.465625 0.1484375 0.121875
2 0.4953125 0.55625 0.2484375 0.096875
0 0.646875 0.56015625 0.0734375 0.0890625
1 0.2 0.5578125 0.2171875 0.1171875
1 0.259375 0.74765625 0.1296875 0.153125
1 0.51640625 0.875 0.175 0.1078125
1 0.72578125 0.80078125 0.21875 0.1296875
2 0.9140625 0.87421875 0.15 0.1328125
1 0.84453125 0.42578125 0.0984375 0.1296875
1 0.94765625 0.47578125 0.0765625 0.071875
1 0.6078125 0.49140625 0.14375 0.1046875