2 0.34765625 0.1046875 0.10625 0.1828125
2 0.4125 0.36640625 0.153125 0.128125
2 0.1265625 0.384375 0.1265625 0.09375
2 0.20234375 0.45625 0.1359375 0.121875
2 0.40703125 0.37421875 0.14375 0.0953125
2 0.55234375 0.40390625 0.128125 0.140625
1 0.67734375 0.3328125 0.434375 0.259375
0 0.63671875 0.18125 0.103125 0.1015625
2 0.584375 0.22578125 0.134375 0.134375
2 0.5046875 0.2921875 0.1296875 0.1484375
2 0.3875 0.24921875 0.0703125 0.1203125
2 0.41015625 0.15859375 0.10625 0.1265625
0 0.14609375 0.18203125 0.0875 0.09375
1 0.640625 0.40703125 0.053125 0.0640625
1 0.27734375 0.26640625 0.1953125 0.1984375