2 0.13359375 0.66796875 0.140625 0.1734375
2 0.371875 0.5640625 0.1921875 0.184375
2 0.359375 0.75546875 0.11875 0.175
2 0.4296875 0.7171875 0.184375 0.1859375
2 0.63125 0.0734375 0.19375 0.146875
2 0.45234375 0.07890625 0.1484375 0.1578125
2 0.596875 0.0296875 0.14375 0.059375
2 0.73828125 0.0109375 0.1171875 0.021875
2 0.7671875 0.0453125 0.165625 0.090625
2 0.7296875 0.340625 0.05 0.0796875
2 0.978125 0.7828125 0.04375 0.115625
2 0.91953125 0.84453125 0.1421875 0.14375
2 0.946875 0.3328125 0.075 0.1109375
2 0.8453125 0.275 0.1375 0.165625
2 0.7609375 0.35546875 0.053125 0.084375
2 0.85703125 0.04296875 0.0875 0.08125
2 0.85 0.0171875 0.078125 0.034375
2 0.740625 0.15546875 0.0578125 0.0484375
2 0.83203125 0.12734375 0.1078125 0.0953125
0 0.7953125 0.15625 0.0734375 0.0625
1 0.26875 0.39765625 0.5375 0.7609375
1 0.50234375 0.33671875 0.0984375 0.1171875
1 0.46328125 0.16796875 0.16875 0.1828125
1 0.365625 0.10546875 0.1171875 0.15625
0 0.53046875 0.1734375 0.0828125 0.121875
1 0.58984375 0.271875 0.1796875 0.1953125